---
build/images/daisy.jpg: 2015-08-18 18:11:18.000000000 +08:00
build/images/geometry.png: 2015-08-18 18:11:13.000000000 +08:00
build/images/projects/10k-challenge-2.jpg: 2015-08-18 18:11:18.000000000 +08:00
build/images/projects/10k-challenge-thumb.png: 2015-08-19 15:59:59.000000000 +08:00
build/images/projects/10k-challenge.jpg: 2015-08-18 18:11:19.000000000 +08:00
build/images/projects/brochure-inside.jpg: 2015-08-18 18:11:21.000000000 +08:00
build/images/projects/brochure-outside.jpg: 2015-08-18 18:11:14.000000000 +08:00
build/images/projects/eagle-star.jpg: 2015-08-18 18:11:22.000000000 +08:00
build/images/projects/expressappwizard.jpg: 2015-08-18 18:11:14.000000000 +08:00
build/images/projects/expressappwizardlogo.png: 2015-08-18 18:11:26.000000000 +08:00
build/images/projects/FAM-Logo-Final.jpg: 2015-08-18 18:11:24.000000000 +08:00
build/images/projects/free-spirit-dining-thumb.png: 2015-08-19 15:59:12.000000000
  +08:00
build/images/projects/freespiritdining.jpg: 2015-08-18 18:11:13.000000000 +08:00
build/images/projects/income-plans.jpg: 2015-08-18 18:11:14.000000000 +08:00
build/images/projects/lighthouse-brand-logo.png: 2015-08-18 18:11:39.000000000 +08:00
build/images/projects/moneywise.jpg: 2015-08-18 18:11:14.000000000 +08:00
build/images/projects/olo-acupuncture-thumb.png: 2015-08-19 15:59:11.000000000 +08:00
build/images/symphony.png: 2015-08-18 18:11:13.000000000 +08:00
