---
build/images/Coconut_header.jpg: 2016-05-23 17:04:01.000000000 +08:00
build/images/daisy.jpg: 2016-05-23 17:15:04.000000000 +08:00
build/images/Elyssa-Joi-Villanda-Palasi-Overlayed.jpg: 2016-05-23 17:04:01.000000000
  +08:00
build/images/Elyssa-Joi-Villanda-Palasi.jpg: 2016-05-23 17:15:04.000000000 +08:00
build/images/geometry.png: 2015-08-18 18:11:13.000000000 +08:00
build/images/hero-gradient-large.jpg: 2016-05-23 17:15:17.000000000 +08:00
build/images/hero-gradient.png: 2016-05-23 17:15:32.000000000 +08:00
build/images/hero-header.jpg: 2016-05-23 17:15:04.000000000 +08:00
build/images/projects/24-Hour-Passport-Logo.jpg: 2016-05-21 17:25:24.000000000 +08:00
build/images/projects/Acupuncture-Brochure.jpg: 2016-05-21 17:25:22.000000000 +08:00
build/images/projects/Challenge-app.jpg: 2016-05-21 17:25:23.000000000 +08:00
build/images/projects/Cloudbill.jpg: 2016-05-21 17:25:24.000000000 +08:00
build/images/projects/Eagle-Star-Billing.jpg: 2016-05-23 17:20:15.000000000 +08:00
build/images/projects/LightHouse-Bible-Church-Logo.jpg: 2016-05-21 17:25:23.000000000
  +08:00
build/images/projects/Olo-Acupuncture-Pamphlet.jpg: 2016-05-21 17:25:24.000000000
  +08:00
build/images/projects/Saddle-Creek-Logistics.jpg: 2016-05-21 17:25:24.000000000 +08:00
build/images/projects/SeaSwift.jpg: 2016-05-21 17:25:24.000000000 +08:00
build/images/projects/Yejee-Acupuncture-and-Wellness.jpg: 2016-05-21 17:25:25.000000000
  +08:00
build/images/symphony.png: 2016-05-23 17:15:04.000000000 +08:00
